1013
1016
1019
1022
1027
1329
1535
1946
2253
2557
2861
3166
3266
3368
3570
3771
3873
4173
4374
4474
4676
5079
5479
5781
6383
6985
7787
8088
8589
8990
9292
9592
9692
9892
10192
10293
10693
11093
11892
12490
13586
14384
15277
15974
16369
16666
16761
16860
16958
16957
16956
17058
17061
17062
17066
17068
16872
16576
16379
15982
15686
15189
14691
14294
13696
13396
12698
11798
112100
104100
101100
98100
96100
93100
92100
91100
88100
85100
83100
8199
7994
7490
7081
6471
5961
5447
5234
4720
477
47-9
47-22
48-36
58-47
63-57
72-64
80-68
93-75
105-79
117-82
129-82
142-82
156-82
169-82
187-76
207-69
226-64
244-54
259-42
273-30
283-20
292-7
2984
30417
30927
31336
31443
31549
31554
31562
31570
31580
31287
30796
302102
295110
289118
282125
273133
264139
255146
247150
237156
229159
220164
213167
206170
201173
198175
195176
192176
190178
189178
188178
186178
183178
181178
180177
176173
174168
172159
172151
170143
170132
170124
170116
170109
173105
17698
17895
18092
18290
18590
18790
18890
18990
19090
19390
19690
20294
208100
218108
224114
231124
235132
237137
237145
237153
237159
237163
230168
221173
217175
208178
200178
192180
181180
171180
165180
160179
158177
156177
154173
151170
149166
147161
145155
143147
143139
143131
143124
145115
148111
156101
16395
17290
17988
18786
19684
20684
21482
22282
22582
22882
23082
23282
23383
23484
23886
23987
24190
24494
24495
244100
246104
246106
246108
246113
246114
246117
246119
246122
246123
246126
246127
246130
246134
244138
243139
242140
239143
238144
236146
235147
233149
231151
228152
225154
222154
220155
217157
214159
211159
208160
205160
203160
200160
199160
198160
197160
196160
194160
191160
190160
189160
186160
184158
183157
178154
172150
169147
164142
158138
150132
146127
140123
135121
131117
128113
125109
124106
120101
11998
11895
11693
11689
11685
11682
11681
11679
11678
11677
11675
11672
11671
11669
11668
11766
11866
11966
12266
12566
12766
13068
13370
13471
14075
14578
14983
15384
15787
16089
16191
16392
16595
16696
16697
16699
166102
166103
166104
166105
166107
166108
166109
166111
166112
166113
166114
166117
165118
164119
163120
161120
161121
161122
161125
161126
160129
157137
155140
152144
149149
148152
147154
145158
144159
142160
141162
140163
137165
134166
132166
129166
126166
123166
120166
116166
112166
107166
104166
101166
98166
94166
90165
87163
86163
83160
82158
80156
76152
74148
72143
70137
68132
68124
68116
68108
68102
6897
6891
6883
6880
6874
6970
7166
7165
7264
7262
7360
7460
7459
7558
7758
7858
7958
8058
8358
8658
9158
9458
10058
10858
11461
12263
12867
13469
13772
14375
14778
15181
15582
15787
15887
16191
16295
16296
16499
166102
166105
166110
166111
166114
166117
166120
166123
166125
166128
166132
163134
162135
161137
158139
156141
154143
152144
151144
146145
142149
140149
138149
137149
134149
133149
130149
127149
123147
121144
116141
109138
107136
102133
100131
93127
92124
90121
89117
88113
86108
84101
8498
8492
8488
8485
8482
8477
8476
8473
8569
8767
8866
9163
9462
9460
9858
10058
10156
10256
10455
10555
10655
10855
11155
11655
12555
13455
14056
14858
15762
16463
16765
17067
17268
17470
17671
18075
18277
18378
18679
18782
18984
19087
19088
19091
19293
19296
19297
19299
192101
192102
192105
192108
192113
190118
187123
183126
181131
178133
175137
173138
172141
171141
170141
167142
166142
164142
161144
160144
157145
154145
151145
148145
143145
137145
132145
128145
123145
120145
116142
111139
109138
107137
105135
103133
102133
100133
99131
99130
96129
96127
96124
96119
96113
96108
96103
9693
9685
9880
10172
10367
10863
11158
11653
11850
12145
12443
12643
12642
12942
13442
13742
14144
14748
15250
16157
16862
17568
18175
18278
18484
18687
18893
19096
19099
190102
190103
190105
190109
190111
190112
190113
190115
190117
190120
189120
185121
184123
183123
181123
180123
178123
177124
176124
175124
172124
171124
169124
168124
167125
166125
164125
161125
159124
158123
157122
155121
153119
150118
148116
139112
133108
131107
131106
129106
128105
128103
128102
12899
12898
12996
12995
13194
13292
13489
13687
13883
14082
14180
14280
14279
14379
14479
14578
14577
14678
14778
14880
15081
15082
15085
15086
15089
15091
15092
15095
15096
15093
15094
15097
150100
150102
150103
148104
148105
148106
147107
147109
146110
146111
146112
145113
144114
142115
141115
140117
135118
129119
127120
123120
119120
114120
111120
109120
106120
105120
103119
102118
101115
100113
99110
97107
97104
97101
9798
9796
9795
9794
9793
9790
9788
9785
10082
10179
10575
10870
11169
11366
11664
11763
11861
12161
12160
12261
12264
12267
12170
11874
11475
11179
10682
10382
10083
9785
9485
9285
8987
8888
8588
8288
8089
7989
7691
7491
6892
6495
6395
5896
5498
5298
47100
44102
42103
41105
41106
42106
42107
44108
44109
44110
44111
44113
46115
46117
46118
46119
46121
46122
46123
46124
46126
46127
46128
46129
46131
46133
46136
46139
46142
46147
46148
45151
44153
43155
42156
37158
33160
30160
27161
21161
20161
17161
12161
9161
8161
6161
4161
4160
3158
1156
1151
1147
1142
1137
1130
1126
1118
1113
1105
499
693
1089
1385
1782
2277
2975
3571
4269
4867
5763
6161
6561
6861
7161
7461
7962
8566
9170
9672
10076
10682
10987
11094
112100
114105
115111
115117
115122
115125
115128
115131
115132
115134
113134
112136
111136
109136
106136
101136
98136
94136
90135
84133
81131
80131
78131
78129
78128
78125
78122
78121
78118
78115
78114
78111
79108
81106
82104
84102
8799
8998
9097
9397
9597
9797
10097
10297
10597
10697
10797
11197
115100
116104
118105
119109
121113
121115
121118
121121
121122
121125
121126
121128
121129
121130
121131
121133
120135
119135
118135
116135
115134
112133
109131
108130
104128
102127
101125
100124
100123
100122
99120
98118
97116
97115
96113
95112
95111
95110
97109
98108
101108
105106
109106
113104
118102
124100
127100
130100
13599
13899
14199
14499
14699
14799
14899
15199
15599
155100
159103
160106
163109
163111
163113
163115
165118
165121
165123
165124
165125
164128
162131
159134
156135
154137
150138
146141
143142
141142
138144
135144
134144
132144
131145
128145
127145
123147
120147
117147
116147
113147
110147
108146
105146
102143
100143
97141
93137
91135
90134
87131
86130
84127
84126
83122
83119
81116
81111
81108
81105
81103
81101
81100
8198
8296
8495
8595
8694
8893
9091
9190
9488
9586
9885
10083
10182
10280
10580
10579
10678
10878
10976
11076
11276
11376
11676
11979
12482
12684
12885
13088
13188
13189
13190
13191
13193
13194
13195
13097
12799
118101
113103
107103
102103
100104
99104
97104
96103
94102
94101
9498
9496
9493
9492
9489
9488
9486
9782
9981
10081
10379
10578
10778
11078
11378
11878
12278
12778
13078
13378
13678
13979
14179
14382
14583
14684
14786
14886
14888
14891
15093
15095
15098
15099
150101
150104
147107
144111
141113
133115
128118
124121
120122
115124
109126
102126
95126
87126
79126
71126
66126
59124
54121
48117
47116
45114
44113
43112
42108
40104
40101
4097
4093
4087
4082
4183
4283
4284
4385
4585
4586
4789
4892
4996
5098
52104
52107
52114
53118
53123
55128
55131
55134
55136
55137
55138
55141
56143
57145
57148
57152
57155
57158
57161
57162
57165
57168
57173
57176
57177
57180
57181
57184
56185
54186
51187
48187
43187
40187
34187
27187
19187
16187
11184
8182
4179
-1176
-4172
-10168
-14162
-17158
-20153
-22147
-22136
-22128
-22120
-22112
-20103
-1495
-988
-481
173
572
1168
1466
2062
2759
3456
4352
4752
5051
5450
5749
5949
6049
6449
6949
7553
8055
8657
9360
10063
10467
10768
10970
11470
11571
11772
11973
11974
12175
12176
12278
12280
12281
12482
12484
12587
12588
12589
12592
12594
12597
12598
125101
125104
125105
125106
125108
125109
124110
123111
123114
123124
120135
118143
116151
114157
110164
108170
104175
100183
98186
96187
96188
95188
94188
88184
79179
73174
73173
73172
73169
73164
71161
71158
70159
71166
73177
76184
77191
79203
81215
83221
83224
83225
84226
85225
85222
85211
93189
99163
104149
106144
107139
107136
107131
109123
109118
112109
112106
112103
113102
113101
11398
11396
11395
11394
11493
11594
11696
116101
116106
116109
116112
116115
116117
116119
115119
115121
115126
111134
108141
104147
102150
95157
92160
89162
86166
85166
85167
83167
81166
80162
78158
77152
76147
76143
76140
76137
76132
76126
76123
76122
76120
77118
78118
78116
81116
83117
86118
87119
96124
100128
103130
105132
107134
107139
107142
107144
107145
107146
107147
104147
99147
95143
94141
93138
92136
92134
91135
91138
91144
92149
92152
92155
94158
94160
94161
94162
94163
94165
94166
95167
95169
96171
97171
97172
99171
106160
112152
119145
125136
134125
138119
143110
147102
15193
15387
15384
15579
15578
15577
15575
15574
15573
15571
15569
15469
15369
15069
14575
13782
13088
12696
124104
122110
122116
122119
122124
122129
123135
124136
124137
124138
127138
129136
133130
135127
139121
139120
143115
143113
144108
144105
144102
144101
144107
144115
137122
133131
128139
126145
125148
125151
125153
125154
124154
124153
122148
120141
117135
114131
110125
110118
108116
108113
108104
107104
107103
107100
10698
108101
110103
116105
119107
121108
127113
131119
136130
138138
140144
142150
142155
142161
142166
142169
142170
142172
142173
142174
140174
135174
133175
130177
127177
122177
117177
109177
100173
92169
83163
68155
58146
49136
41123
35111
34105
3194
3178
3165
3350
3639
4031
4819
557
64-2
72-12
78-16
83-18
86-20
87-20
88-21
90-20
94-17
103-10
111-4
1193
1237
12713
13325
13833
14242
14653
14661
14866
15075
15078
15281
15283
15287
15288
15291
15292
15295
15296
15298
15299
152100
152102
153103
153106
153109
155112
155115
156116
158118
158119
158118
154120
149127
144135
139140
134145
131149
130151
128152
127153
125155
125154
124149
127143
129137
131129
135123
135122
137118
137117
137116
137115
137114
138113
138111
139111
140108
140107
140104
140103
142102
143101
14499
14595
14695
14691
14789
14887
14884
14881
14880
14980
15079
14981
14784
14592
14495
141100
139102
137106
136107
134108
133111
132112
131112
130113
129114
126120
123127
119137
114147
110155
103167
99174
93183
89187
85193
81197
81199
79201
77203
74196
69182
64168
64155
62144
62131
62120
62109
62100
6293
6292
6291
6289
6288
6289
6191
6196
6199
61102
61107
61112
61118
61123
61124
61126
61130
61133
61137
61142
61147
61152
62158
63164
67170
69173
71175
72176
73177
74177
77172
81169
86161
90155
94147
99138
101127
103115
105104
10792
10783
10774
10768
10764
10559
10556
10355
10354
